%YAML:1.0
Camera Matrix: !!opencv-matrix
   rows: 3
   cols: 3
   dt: d
   data: [ 666.3099463827838, 0., 699.059213730348, 0.,
       662.6333653973331, 363.6533053540525, 0., 0., 1. ]
Distortion Coefficients: !!opencv-matrix
   rows: 4
   cols: 1
   dt: d
   data: [ 0.3440454817031512, 0.016607604512732032, 0.12306774997495988, 0.008781361150860216 ]
