%YAML:1.0
Camera Matrix: !!opencv-matrix
   rows: 3
   cols: 3
   dt: d
   data: [ 668.7785655708897, 0., 703.0486582800718, 0.,
       665.4832781587197, 362.7904718763815, 0., 0., 1. ]
Distortion Coefficients: !!opencv-matrix
   rows: 4
   cols: 1
   dt: d
   data: [ 0.3374984838732177, -0.006904315884294759, 0.2549409703582172, -0.11704720978786479 ]
